5447561
149503
2757488
138998
1438090
155582
4667042
111081
99809
6186758
141494
78031
2147232
106394
3068017
118574
2695889
90780
83978
2416383
131662
2102762
98743
83712
949464
96881
1242881
1383692
111468
1654986
105800
511024
2407079
88597
82985
824830
90382
199044
86247
80466
77150
74940
78842
79335
79496
75699
96808
79051
74670
83075
75368
95762
77755
1752733
93455
75462
72886
66841
72530
92794
3112959
90734
86933
73335
88279
4391143
89070
73047
85563
76414
76553
99903
89940
206038
1832169
477060
271825
479972
89638
67742
79036
90890
77304
78927
69041
63821
77089
75506
82919
70702
2767648
97924
62313
1012777
101178
63560
65201
59644
70891
65726
59580
63574
69851
71374
64308
63753
58865
72181
2092559
95970
2123592
84591
91858
952897
91338
63865
78017
4915772
132264
67235
63970
56172
57573
59349
50771
45916
54859
61833
45587
49819
49953
77250
59352
65913
65019
60295
52674
69137
59166
52820
49869
54796
49601
55552
50963
50145
49098
62895
51634
56928
44926
49748
54325
51524
49577
53811
59082
60303
45725
49431
48643
53318
57561
49290
44663
53331
50863
54947
60011
48219
51759
50526
52033
45434
57128
54964
49876
49041
44485
60969
49792
67152
45173
53028
46663
60173
872432
66067
57004
52309
49375
60193
51033
46201
48139
43982
805082
75337
52659
66614
53949
3717832
67030
559807
417397
83772
834053
64205
50396
48256
47184
52410
44480
47114
46889
41664
54107
55952
47660
46161
52401
44935
48798
42895
46352
63665
46225
53796
48524
51632
48438
47352
42744
46290
54514
292308
1488488
86293
636089
74522
63896
546020
61771
58101
221480
1617653
96854
213854
216851
57172
44579
46482
37677
39587
39719
41437
46449
44977
39231
38624
43773
40121
38072
38431
60411
44864
39332
63590
40248
35029
39118
49096
41961
39871
37202
46427
45820
46035
34649
38686
1026160
57529
42096
44788
35486
1600248
73224
43121
33717
47861
40337
33352
38378
49166
40200
37561
44890
37416
43752
34957
37877
37423
41554
38873
37255
37039
36830
65576
43330
50269
40859
43473
39623
37323
37379
42965
39233
43761
37868
39648
42451
39022
32927
38925
2480439
76203
42174
44199
39002
43412
38650
50401
39329
38019
31980
37102
56038
33119
37488
37259
45483
38918
37000
42021
38439
41508
50475
37162
36353
41320
38719
41233
36826
37284
40342
38191
36649
48068
42556
38389
32341
36635
36215
40837
1984920
82447
45063
41882
33548
44395
50059
39963
1194640
1397625
74654
54078
35957
39868
35440
33355
28473
33594
41897
30192
33432
34201
38253
34408
28476
32834
33816
37232
34296
34018
29248
40130
34995
28956
33129
33685
37687
34301
28696
33102
38509
30488
43987
45962
42904
37286
35333
28925
32801
39010
30265
33239
41260
29569
38008
29852
33248
32717
38054
34139
39953
29170
43992
38027
28986
32766
32859
36629
34171
41755
33149
36620
34286
32832
39159
29044
36704
34556
28759
33063
40348
41156
33741
32436
28171
37036
29746
32917
37642
36335
34438
32876
28084
32315
36933
29795
32940
41963
36511
35051
41278
29532
33004
36477
33987
32779
56222
43567
36905
32787
28629
37516
35319
28235
44776
43213
37727
34489
32898
37651
37337
33279
32933
32696
29248
42641
33702
28685
30237
34797
40039
33901
32805
28116
36661
40982
29666
32841
36051
34626
32765
28659
57152
40495
34485
33246
33009
36461
34794
32848
28323
36537
39822
33848
32743
28450
45891
35825
28043
33133
37071
71480
38584
32913
28402
36822
40754
29471
33114
36456
34087
33430
28384
33575
36609
34269
33054
32866
36037
34279
33374
28408
33103
36387
34439
32997
38526
37391
34670
33080
33180
32957
36262
41385
43340
28424
36497
29239
33623
37246
28763
48903
36024
33102
32955
39592
29999
33947
45711
28738
38462
34245
32924
32751
36124
34058
33367
39636
32624
36335
29434
33484
31852
36195
32784
33432
39680
33483
36198
34080
33459
27898
40406
34342
37588
33525
32724
36419
34298
33566
28137
36260
44530
33317
33231
54506
37498
33071
32372
32348
36408
29258
33774
33782
36912
37199
34421
33812
4519921
38623
36026
2098062
56498
47240
5367029
63745
41561
31540
34366
33882
38015
200777
2552413
90129
37379
33812
1300866
47910
3092344
49488
35119
32472
196814
1938103
47810
45751
565981
49172
47644
26854
31520
31144
36080
32853
31316
35846
36360
32983
26640
31875
32992
35001
32637
26428
30552
34433
28208
30310
42254
27504
35357
33075
27051
31386
37361
28551
29955
46257
49782
34802
28894
30938
31615
34805
31029
30971
26670
45814
34456
27163
30993
30762
32952
31376
26752
29760
46615
27217
37047
31784
42159
31458
32886
26146
41788
47442
37079
31609
30973
29797
31310
34206
31603
30748
34622
32797
30949
26719
31403
33590
28614
30533
30540
35830
31238
30120
30540
32003
38207
31528
30174
27142
35139
41273
27180
5173762
53155
29745
32255
4266682
47274
34673
37124
32981
63303
73674
3118172
47591
32717
31716
1298916
44242
32326
1235756
44443
4037167
46140
34538
26824
30683
25980
1707522
41659
32549
630348
67649
38249
30354
25113
36117
31164
24795
28816
34233
31408
29257
24607
28825
35359
26916
29327
28866
41179
31420
28758
24782
28626
41458
35039
29534
24741
31601
30580
32963
29671
28652
32735
30473
28664
24276
32198
30643
24750
28684
24481
32638
34562
25483
29352
32518
30057
28741
28741
24561
32694
32362
24837
41932
37432
30420
35742
25137
28902
32805
30230
28738
28471
32292
30462
28865
24293
28455
32330
29984
28731
24444
32406
29499
62037
34231
31871
24900
28637
45156
35230
31310
28891
32577
32945
32867
28832
28573
24643
32730
30555
24778
28783
32436
38801
29536
28617
46806
31899
29643
24605
28650
32342
30328
29106
24765
32606
29825
28515
28352
28415
31244
30201
29591
24670
32979
26815
29887
28743
24419
32454
29847
29296
28813
32418
26065
29413
28634
24743
32905
30259
28478
38043
32779
40282
30151
25036
29157
33102
63975
33282
30004
34251
31279
30543
25240
28837
32825
31023
30117
25203
33552
30831
34666
29312
29074
32548
30169
29352
26047
33089
39073
30129
30124
25397
32720
31508
29643
28797
33022
36313
29560
28969
24789
32545
30465
28724
28577
32335
29773
28642
28380
28534
33085
25905
29954
28935
32530
29970
37708
28657
28611
40733
26706
29569
24733
35309
30663
24680
29136
38835
32661
29267
29156
25261
34353
30252
24476
38184
34106
30675
28908
28310
28494
32898
25981
29216
28899
32290
30228
28902
28653
28801
33173
30486
29633
29004
33142
30675
24913
30018
29577
38561
31154
30059
29517
34600
30839
25336
29322
28807
32718
31781
24835
39696
34272
36559
31324
29684
29058
33213
30438
34412
30796
32910
30129
28964
24683
29334
35939
27611
31534
30610
34523
31297
34356
25496
30013
41491
27265
29408
28604
33395
30886
26966
32076
31645
34543
30932
29040
28906
33943
30427
35679
29541
28574
32659
30654
24770
29424
31069
26472
28921
28581
28649
32155
30001
24752
28750
71996
27601
28895
24365
44236
31307
24728
28816
28569
35565
43552
29756
24650
33569
30552
24477
29004
24649
33039
31671
24976
29880
45455
27437
29576
28748
25271
34307
32322
26003
34474
51838
29275
29809
25015
29039
34620
26698
29399
29660
34295
31492
29346
30659
30152
34751
27097
30441
25216
34049
30648
25066
29234
29199
